        TIME,    TIDE,      OB,   SURGE,    BIAS,     TWL,SURGE90p,  TWL90p,SURGE10p,   TWL10p
202605131800,   0.020,  -0.259,   0.000,  -0.279,  -0.259,   0.000,  -0.259,   0.000,  -0.259
202605131806,   0.017,  -0.259,9999.000,9999.000,9999.000,9999.000,9999.000,9999.000,9999.000
202605131812,   0.016,  -0.078,9999.000,9999.000,9999.000,9999.000,9999.000,9999.000,9999.000
202605131818,   0.014,  -0.078,9999.000,9999.000,9999.000,9999.000,9999.000,9999.000,9999.000
202605131824,   0.013,  -0.098,9999.000,9999.000,9999.000,9999.000,9999.000,9999.000,9999.000
202605131830,   0.012,  -0.088,9999.000,9999.000,9999.000,9999.000,9999.000,9999.000,9999.000
202605131836,   0.012,  -0.078,9999.000,9999.000,9999.000,9999.000,9999.000,9999.000,9999.000
202605131842,   0.012,  -0.068,9999.000,9999.000,9999.000,9999.000,9999.000,9999.000,9999.000
202605131848,   0.013,  -0.029,9999.000,9999.000,9999.000,9999.000,9999.000,9999.000,9999.000
202605131854,   0.014,  -0.019,9999.000,9999.000,9999.000,9999.000,9999.000,9999.000,9999.000
202605131900,   0.016,  -0.141,   0.000,  -0.157,  -0.141,   0.000,  -0.141,   0.000,  -0.141
202605131906,   0.019,  -0.121,9999.000,9999.000,9999.000,9999.000,9999.000,9999.000,9999.000
202605131912,   0.021,   0.059,9999.000,9999.000,9999.000,9999.000,9999.000,9999.000,9999.000
202605131918,   0.025,   0.111,9999.000,9999.000,9999.000,9999.000,9999.000,9999.000,9999.000
202605131924,   0.029,   0.141,9999.000,9999.000,9999.000,9999.000,9999.000,9999.000,9999.000
202605131930,   0.034,   0.141,9999.000,9999.000,9999.000,9999.000,9999.000,9999.000,9999.000
202605131936,   0.039,   0.170,9999.000,9999.000,9999.000,9999.000,9999.000,9999.000,9999.000
202605131942,   0.044,   0.209,9999.000,9999.000,9999.000,9999.000,9999.000,9999.000,9999.000
202605131948,   0.051,   0.239,9999.000,9999.000,9999.000,9999.000,9999.000,9999.000,9999.000
202605131954,   0.058,   0.249,9999.000,9999.000,9999.000,9999.000,9999.000,9999.000,9999.000
202605132000,   0.065,   0.131,   0.000,   0.066,   0.131,   0.000,   0.131,   0.000,   0.131
202605132006,   0.073,   0.170,9999.000,9999.000,9999.000,9999.000,9999.000,9999.000,9999.000
202605132012,   0.081,   0.350,9999.000,9999.000,9999.000,9999.000,9999.000,9999.000,9999.000
202605132018,   0.090,   0.390,9999.000,9999.000,9999.000,9999.000,9999.000,9999.000,9999.000
202605132024,   0.099,   0.419,9999.000,9999.000,9999.000,9999.000,9999.000,9999.000,9999.000
202605132030,   0.108,   0.429,9999.000,9999.000,9999.000,9999.000,9999.000,9999.000,9999.000
202605132036,   0.118,   0.459,9999.000,9999.000,9999.000,9999.000,9999.000,9999.000,9999.000
202605132042,   0.128,   0.488,9999.000,9999.000,9999.000,9999.000,9999.000,9999.000,9999.000
202605132048,   0.138,   0.531,9999.000,9999.000,9999.000,9999.000,9999.000,9999.000,9999.000
202605132054,   0.149,   0.551,9999.000,9999.000,9999.000,9999.000,9999.000,9999.000,9999.000
202605132100,   0.159,   0.439,   0.000,   0.280,   0.439,   0.000,   0.439,   0.000,   0.439
202605132106,   0.169,   0.478,9999.000,9999.000,9999.000,9999.000,9999.000,9999.000,9999.000
202605132112,   0.180,   0.659,9999.000,9999.000,9999.000,9999.000,9999.000,9999.000,9999.000
202605132118,   0.190,   0.688,9999.000,9999.000,9999.000,9999.000,9999.000,9999.000,9999.000
202605132124,   0.201,   0.708,9999.000,9999.000,9999.000,9999.000,9999.000,9999.000,9999.000
202605132130,   0.211,   0.741,9999.000,9999.000,9999.000,9999.000,9999.000,9999.000,9999.000
202605132136,   0.221,   0.770,9999.000,9999.000,9999.000,9999.000,9999.000,9999.000,9999.000
202605132142,   0.231,   0.780,9999.000,9999.000,9999.000,9999.000,9999.000,9999.000,9999.000
202605132148,   0.240,   0.810,9999.000,9999.000,9999.000,9999.000,9999.000,9999.000,9999.000
202605132154,   0.250,   0.829,9999.000,9999.000,9999.000,9999.000,9999.000,9999.000,9999.000
202605132200,   0.259,   0.708,   0.000,   0.449,   0.708,   0.000,   0.708,   0.000,   0.708
202605132206,   0.268,   0.751,9999.000,9999.000,9999.000,9999.000,9999.000,9999.000,9999.000
202605132212,   0.276,   0.928,9999.000,9999.000,9999.000,9999.000,9999.000,9999.000,9999.000
202605132218,   0.284,   0.951,9999.000,9999.000,9999.000,9999.000,9999.000,9999.000,9999.000
202605132224,   0.292,   0.990,9999.000,9999.000,9999.000,9999.000,9999.000,9999.000,9999.000
202605132230,   0.300,   1.020,9999.000,9999.000,9999.000,9999.000,9999.000,9999.000,9999.000
202605132236,   0.307,   1.039,9999.000,9999.000,9999.000,9999.000,9999.000,9999.000,9999.000
202605132242,   0.314,   1.059,9999.000,9999.000,9999.000,9999.000,9999.000,9999.000,9999.000
202605132248,   0.320,   1.088,9999.000,9999.000,9999.000,9999.000,9999.000,9999.000,9999.000
202605132254,   0.326,   1.108,9999.000,9999.000,9999.000,9999.000,9999.000,9999.000,9999.000
202605132300,   0.332,   0.961,   0.000,   0.629,   0.961,   0.000,   0.961,   0.000,   0.961
202605132306,   0.337,   0.980,9999.000,9999.000,9999.000,9999.000,9999.000,9999.000,9999.000
202605132312,   0.342,   1.161,9999.000,9999.000,9999.000,9999.000,9999.000,9999.000,9999.000
202605132318,   0.347,   1.170,9999.000,9999.000,9999.000,9999.000,9999.000,9999.000,9999.000
202605132324,   0.351,   1.190,9999.000,9999.000,9999.000,9999.000,9999.000,9999.000,9999.000
202605132330,   0.355,   1.210,9999.000,9999.000,9999.000,9999.000,9999.000,9999.000,9999.000
202605132336,   0.359,   1.210,9999.000,9999.000,9999.000,9999.000,9999.000,9999.000,9999.000
202605132342,   0.362,   1.229,9999.000,9999.000,9999.000,9999.000,9999.000,9999.000,9999.000
202605132348,   0.365,   1.239,9999.000,9999.000,9999.000,9999.000,9999.000,9999.000,9999.000
202605132354,   0.367,   1.259,9999.000,9999.000,9999.000,9999.000,9999.000,9999.000,9999.000
202605140000,   0.370,   1.098,   0.100,   0.628,   1.098,   0.100,   1.098,   0.100,   1.098
202605140006,   0.371,   1.098,9999.000,9999.000,9999.000,9999.000,9999.000,9999.000,9999.000
202605140012,   0.373,   1.279,9999.000,9999.000,9999.000,9999.000,9999.000,9999.000,9999.000
202605140018,   0.374,   1.289,9999.000,9999.000,9999.000,9999.000,9999.000,9999.000,9999.000
202605140024,   0.374,   1.298,9999.000,9999.000,9999.000,9999.000,9999.000,9999.000,9999.000
202605140030,   0.374,   1.298,9999.000,9999.000,9999.000,9999.000,9999.000,9999.000,9999.000
202605140036,   0.374,   1.279,9999.000,9999.000,9999.000,9999.000,9999.000,9999.000,9999.000
202605140042,   0.373,   1.279,9999.000,9999.000,9999.000,9999.000,9999.000,9999.000,9999.000
202605140048,   0.372,   1.269,9999.000,9999.000,9999.000,9999.000,9999.000,9999.000,9999.000
202605140054,   0.371,   1.279,9999.000,9999.000,9999.000,9999.000,9999.000,9999.000,9999.000
202605140100,   0.369,   1.079,   0.100,   0.610,   1.079,   0.100,   1.079,   0.100,   1.079
202605140106,   0.366,   1.079,9999.000,9999.000,9999.000,9999.000,9999.000,9999.000,9999.000
202605140112,   0.364,   1.259,9999.000,9999.000,9999.000,9999.000,9999.000,9999.000,9999.000
202605140118,   0.361,   1.249,9999.000,9999.000,9999.000,9999.000,9999.000,9999.000,9999.000
202605140124,   0.357,   1.249,9999.000,9999.000,9999.000,9999.000,9999.000,9999.000,9999.000
202605140130,   0.353,   1.229,9999.000,9999.000,9999.000,9999.000,9999.000,9999.000,9999.000
202605140136,   0.349,   1.220,9999.000,9999.000,9999.000,9999.000,9999.000,9999.000,9999.000
202605140142,   0.344,   1.220,9999.000,9999.000,9999.000,9999.000,9999.000,9999.000,9999.000
202605140148,   0.339,   1.210,9999.000,9999.000,9999.000,9999.000,9999.000,9999.000,9999.000
202605140154,   0.334,   1.200,9999.000,9999.000,9999.000,9999.000,9999.000,9999.000,9999.000
202605140200,   0.329,   1.000,   0.100,   0.571,   1.000,   0.100,   1.000,   0.100,   1.000
202605140206,   0.323,   1.000,9999.000,9999.000,9999.000,9999.000,9999.000,9999.000,9999.000
202605140212,   0.317,   1.180,9999.000,9999.000,9999.000,9999.000,9999.000,9999.000,9999.000
202605140218,   0.310,   1.170,9999.000,9999.000,9999.000,9999.000,9999.000,9999.000,9999.000
202605140224,   0.304,   1.180,9999.000,9999.000,9999.000,9999.000,9999.000,9999.000,9999.000
202605140230,   0.297,   1.161,9999.000,9999.000,9999.000,9999.000,9999.000,9999.000,9999.000
202605140236,   0.290,   1.151,9999.000,9999.000,9999.000,9999.000,9999.000,9999.000,9999.000
202605140242,   0.283,   1.151,9999.000,9999.000,9999.000,9999.000,9999.000,9999.000,9999.000
202605140248,   0.275,   1.138,9999.000,9999.000,9999.000,9999.000,9999.000,9999.000,9999.000
202605140254,   0.268,   1.108,9999.000,9999.000,9999.000,9999.000,9999.000,9999.000,9999.000
202605140300,   0.260,   0.898,   0.100,   0.538,   0.898,   0.100,   0.898,   0.100,   0.898
202605140306,   0.253,   0.888,9999.000,9999.000,9999.000,9999.000,9999.000,9999.000,9999.000
202605140312,   0.245,   1.069,9999.000,9999.000,9999.000,9999.000,9999.000,9999.000,9999.000
202605140318,   0.237,   1.059,9999.000,9999.000,9999.000,9999.000,9999.000,9999.000,9999.000
202605140324,   0.230,   1.029,9999.000,9999.000,9999.000,9999.000,9999.000,9999.000,9999.000
202605140330,   0.222,   1.020,9999.000,9999.000,9999.000,9999.000,9999.000,9999.000,9999.000
202605140336,   0.214,   1.000,9999.000,9999.000,9999.000,9999.000,9999.000,9999.000,9999.000
202605140342,   0.207,   0.990,9999.000,9999.000,9999.000,9999.000,9999.000,9999.000,9999.000
202605140348,   0.199,   0.980,9999.000,9999.000,9999.000,9999.000,9999.000,9999.000,9999.000
202605140354,   0.191,   0.751,9999.000,9999.000,9999.000,9999.000,9999.000,9999.000,9999.000
202605140400,   0.184,   0.741,   0.100,   0.457,   0.741,   0.100,   0.741,   0.100,   0.741
202605140406,   0.176,   0.731,9999.000,9999.000,9999.000,9999.000,9999.000,9999.000,9999.000
202605140412,   0.169,   0.908,9999.000,9999.000,9999.000,9999.000,9999.000,9999.000,9999.000
202605140418,   0.161,   0.888,9999.000,9999.000,9999.000,9999.000,9999.000,9999.000,9999.000
202605140424,   0.154,   0.859,9999.000,9999.000,9999.000,9999.000,9999.000,9999.000,9999.000
202605140430,   0.147,   0.849,9999.000,9999.000,9999.000,9999.000,9999.000,9999.000,9999.000
202605140436,   0.140,   0.829,9999.000,9999.000,9999.000,9999.000,9999.000,9999.000,9999.000
202605140442,   0.133,   0.829,9999.000,9999.000,9999.000,9999.000,9999.000,9999.000,9999.000
202605140448,   0.126,   0.810,9999.000,9999.000,9999.000,9999.000,9999.000,9999.000,9999.000
202605140454,   0.119,   0.600,9999.000,9999.000,9999.000,9999.000,9999.000,9999.000,9999.000
202605140500,   0.112,   0.580,   0.100,   0.368,   0.580,   0.100,   0.580,   0.100,   0.580
202605140506,   0.106,   0.570,9999.000,9999.000,9999.000,9999.000,9999.000,9999.000,9999.000
202605140512,   0.099,   0.760,9999.000,9999.000,9999.000,9999.000,9999.000,9999.000,9999.000
202605140518,   0.093,   0.751,9999.000,9999.000,9999.000,9999.000,9999.000,9999.000,9999.000
202605140524,   0.087,   0.741,9999.000,9999.000,9999.000,9999.000,9999.000,9999.000,9999.000
202605140530,   0.081,   0.731,9999.000,9999.000,9999.000,9999.000,9999.000,9999.000,9999.000
202605140536,   0.075,   0.708,9999.000,9999.000,9999.000,9999.000,9999.000,9999.000,9999.000
202605140542,   0.069,   0.688,9999.000,9999.000,9999.000,9999.000,9999.000,9999.000,9999.000
202605140548,   0.064,   0.678,9999.000,9999.000,9999.000,9999.000,9999.000,9999.000,9999.000
202605140554,   0.059,   0.478,9999.000,9999.000,9999.000,9999.000,9999.000,9999.000,9999.000
202605140600,   0.054,   0.478,   0.200,   0.224,   0.478,   0.100,   0.378,   0.200,   0.478
202605140606,   0.049,   0.469,9999.000,9999.000,9999.000,9999.000,9999.000,9999.000,9999.000
202605140612,   0.044,   0.649,9999.000,9999.000,9999.000,9999.000,9999.000,9999.000,9999.000
202605140618,   0.040,   0.649,9999.000,9999.000,9999.000,9999.000,9999.000,9999.000,9999.000
202605140624,   0.036,   0.649,9999.000,9999.000,9999.000,9999.000,9999.000,9999.000,9999.000
202605140630,   0.032,   0.649,9999.000,9999.000,9999.000,9999.000,9999.000,9999.000,9999.000
202605140636,   0.029,   0.649,9999.000,9999.000,9999.000,9999.000,9999.000,9999.000,9999.000
202605140642,   0.026,   0.649,9999.000,9999.000,9999.000,9999.000,9999.000,9999.000,9999.000
202605140648,   0.023,   0.649,9999.000,9999.000,9999.000,9999.000,9999.000,9999.000,9999.000
202605140654,   0.021,   0.469,9999.000,9999.000,9999.000,9999.000,9999.000,9999.000,9999.000
202605140700,   0.019,   0.469,   0.200,   0.250,   0.469,   0.100,   0.369,   0.200,   0.469
202605140706,   0.018,   0.478,9999.000,9999.000,9999.000,9999.000,9999.000,9999.000,9999.000
202605140712,   0.017,   0.659,9999.000,9999.000,9999.000,9999.000,9999.000,9999.000,9999.000
202605140718,   0.016,   0.669,9999.000,9999.000,9999.000,9999.000,9999.000,9999.000,9999.000
202605140724,   0.016,   0.698,9999.000,9999.000,9999.000,9999.000,9999.000,9999.000,9999.000
202605140730,   0.017,   0.718,9999.000,9999.000,9999.000,9999.000,9999.000,9999.000,9999.000
202605140736,   0.018,   0.741,9999.000,9999.000,9999.000,9999.000,9999.000,9999.000,9999.000
202605140742,   0.020,   0.770,9999.000,9999.000,9999.000,9999.000,9999.000,9999.000,9999.000
202605140748,   0.022,   0.780,9999.000,9999.000,9999.000,9999.000,9999.000,9999.000,9999.000
202605140754,   0.025,   0.790,9999.000,9999.000,9999.000,9999.000,9999.000,9999.000,9999.000
202605140800,   0.028,   0.639,   0.200,   0.411,   0.639,   0.100,   0.539,   0.200,   0.639
202605140806,   0.032,   0.639,9999.000,9999.000,9999.000,9999.000,9999.000,9999.000,9999.000
202605140812,   0.036,   0.829,9999.000,9999.000,9999.000,9999.000,9999.000,9999.000,9999.000
202605140818,   0.041,   0.839,9999.000,9999.000,9999.000,9999.000,9999.000,9999.000,9999.000
202605140824,   0.047,   0.849,9999.000,9999.000,9999.000,9999.000,9999.000,9999.000,9999.000
202605140830,   0.053,   0.869,9999.000,9999.000,9999.000,9999.000,9999.000,9999.000,9999.000
202605140836,   0.060,   0.888,9999.000,9999.000,9999.000,9999.000,9999.000,9999.000,9999.000
202605140842,   0.067,   0.898,9999.000,9999.000,9999.000,9999.000,9999.000,9999.000,9999.000
202605140848,   0.074,   0.908,9999.000,9999.000,9999.000,9999.000,9999.000,9999.000,9999.000
202605140854,   0.082,   0.908,9999.000,9999.000,9999.000,9999.000,9999.000,9999.000,9999.000
202605140900,   0.090,   0.760,   0.200,   0.470,   0.760,   0.100,   0.660,   0.200,   0.760
202605140906,   0.099,   0.770,9999.000,9999.000,9999.000,9999.000,9999.000,9999.000,9999.000
202605140912,   0.107,   0.951,9999.000,9999.000,9999.000,9999.000,9999.000,9999.000,9999.000
202605140918,   0.116,   0.961,9999.000,9999.000,9999.000,9999.000,9999.000,9999.000,9999.000
202605140924,   0.125,   0.990,9999.000,9999.000,9999.000,9999.000,9999.000,9999.000,9999.000
202605140930,   0.135,   1.010,9999.000,9999.000,9999.000,9999.000,9999.000,9999.000,9999.000
202605140936,   0.144,   1.029,9999.000,9999.000,9999.000,9999.000,9999.000,9999.000,9999.000
202605140942,   0.153,   1.049,9999.000,9999.000,9999.000,9999.000,9999.000,9999.000,9999.000
202605140948,   0.163,   1.069,9999.000,9999.000,9999.000,9999.000,9999.000,9999.000,9999.000
202605140954,   0.172,   1.088,9999.000,9999.000,9999.000,9999.000,9999.000,9999.000,9999.000
202605141000,   0.181,   0.941,   0.200,   0.560,   0.941,   0.200,   0.941,   0.200,   0.941
202605141006,   0.190,   0.951,9999.000,9999.000,9999.000,9999.000,9999.000,9999.000,9999.000
202605141012,   0.199,   1.128,9999.000,9999.000,9999.000,9999.000,9999.000,9999.000,9999.000
202605141018,   0.208,   1.151,9999.000,9999.000,9999.000,9999.000,9999.000,9999.000,9999.000
202605141024,   0.217,   1.161,9999.000,9999.000,9999.000,9999.000,9999.000,9999.000,9999.000
202605141030,   0.225,   1.180,9999.000,9999.000,9999.000,9999.000,9999.000,9999.000,9999.000
202605141036,   0.233,   1.180,9999.000,9999.000,9999.000,9999.000,9999.000,9999.000,9999.000
202605141042,   0.241,   1.190,9999.000,9999.000,9999.000,9999.000,9999.000,9999.000,9999.000
202605141048,   0.249,   1.200,9999.000,9999.000,9999.000,9999.000,9999.000,9999.000,9999.000
202605141054,   0.256,   1.220,9999.000,9999.000,9999.000,9999.000,9999.000,9999.000,9999.000
202605141100,   0.263,   1.069,   0.200,   0.606,   1.069,   0.200,   1.069,   0.200,   1.069
202605141106,   0.270,   1.079,9999.000,9999.000,9999.000,9999.000,9999.000,9999.000,9999.000
202605141112,   0.277,   1.269,9999.000,9999.000,9999.000,9999.000,9999.000,9999.000,9999.000
202605141118,   0.283,   1.279,9999.000,9999.000,9999.000,9999.000,9999.000,9999.000,9999.000
202605141124,   0.289,   1.298,9999.000,9999.000,9999.000,9999.000,9999.000,9999.000,9999.000
202605141130,   0.294,   1.308,9999.000,9999.000,9999.000,9999.000,9999.000,9999.000,9999.000
202605141136,   0.299,   1.318,9999.000,9999.000,9999.000,9999.000,9999.000,9999.000,9999.000
202605141142,   0.304,   1.338,9999.000,9999.000,9999.000,9999.000,9999.000,9999.000,9999.000
202605141148,   0.309,   1.348,9999.000,9999.000,9999.000,9999.000,9999.000,9999.000,9999.000
202605141154,   0.313,   1.361,9999.000,9999.000,9999.000,9999.000,9999.000,9999.000,9999.000
202605141200,   0.317,   1.210,   0.200,   0.693,   1.210,   0.200,   1.210,   0.300,   1.310
202605141206,   0.320,   1.210,9999.000,9999.000,9999.000,9999.000,9999.000,9999.000,9999.000
202605141212,   0.323,   1.390,9999.000,9999.000,9999.000,9999.000,9999.000,9999.000,9999.000
202605141218,   0.326,   1.390,9999.000,9999.000,9999.000,9999.000,9999.000,9999.000,9999.000
202605141224,   0.329,   1.400,9999.000,9999.000,9999.000,9999.000,9999.000,9999.000,9999.000
202605141230,   0.330,   1.410,9999.000,9999.000,9999.000,9999.000,9999.000,9999.000,9999.000
202605141236,   0.332,   1.410,9999.000,9999.000,9999.000,9999.000,9999.000,9999.000,9999.000
202605141242,   0.333,   1.390,9999.000,9999.000,9999.000,9999.000,9999.000,9999.000,9999.000
202605141248,   0.334,   1.390,9999.000,9999.000,9999.000,9999.000,9999.000,9999.000,9999.000
202605141254,   0.334,   1.161,9999.000,9999.000,9999.000,9999.000,9999.000,9999.000,9999.000
202605141300,   0.334,   1.138,   0.300,   0.504,   1.138,   0.200,   1.038,   0.300,   1.138
202605141306,   0.334,   1.108,9999.000,9999.000,9999.000,9999.000,9999.000,9999.000,9999.000
202605141312,   0.333,   1.298,9999.000,9999.000,9999.000,9999.000,9999.000,9999.000,9999.000
202605141318,   0.331,   1.269,9999.000,9999.000,9999.000,9999.000,9999.000,9999.000,9999.000
202605141324,   0.330,   1.249,9999.000,9999.000,9999.000,9999.000,9999.000,9999.000,9999.000
202605141330,   0.327,   1.239,9999.000,9999.000,9999.000,9999.000,9999.000,9999.000,9999.000
202605141336,   0.325,   1.229,9999.000,9999.000,9999.000,9999.000,9999.000,9999.000,9999.000
202605141342,   0.322,   1.210,9999.000,9999.000,9999.000,9999.000,9999.000,9999.000,9999.000
202605141348,   0.318,   1.200,9999.000,9999.000,9999.000,9999.000,9999.000,9999.000,9999.000
202605141354,   0.314,   1.190,9999.000,9999.000,9999.000,9999.000,9999.000,9999.000,9999.000
202605141400,   0.310,   0.990,   0.300,   0.380,   0.990,   0.200,   0.890,   0.300,   0.990
202605141406,   0.305,   0.990,9999.000,9999.000,9999.000,9999.000,9999.000,9999.000,9999.000
202605141412,   0.300,   1.170,9999.000,9999.000,9999.000,9999.000,9999.000,9999.000,9999.000
202605141418,   0.295,   1.170,9999.000,9999.000,9999.000,9999.000,9999.000,9999.000,9999.000
202605141424,   0.289,   1.170,9999.000,9999.000,9999.000,9999.000,9999.000,9999.000,9999.000
202605141430,   0.283,   1.161,9999.000,9999.000,9999.000,9999.000,9999.000,9999.000,9999.000
202605141436,   0.277,   1.151,9999.000,9999.000,9999.000,9999.000,9999.000,9999.000,9999.000
202605141442,   0.270,   1.138,9999.000,9999.000,9999.000,9999.000,9999.000,9999.000,9999.000
202605141448,   0.264,   1.128,9999.000,9999.000,9999.000,9999.000,9999.000,9999.000,9999.000
202605141454,   0.257,   1.108,9999.000,9999.000,9999.000,9999.000,9999.000,9999.000,9999.000
202605141500,   0.249,   0.898,   0.300,   0.349,   0.898,   0.200,   0.798,   0.300,   0.898
202605141506,   0.242,   0.879,9999.000,9999.000,9999.000,9999.000,9999.000,9999.000,9999.000
202605141512,   0.235,   1.069,9999.000,9999.000,9999.000,9999.000,9999.000,9999.000,9999.000
202605141518,   0.227,   1.059,9999.000,9999.000,9999.000,9999.000,9999.000,9999.000,9999.000
202605141524,   0.219,   1.039,9999.000,9999.000,9999.000,9999.000,9999.000,9999.000,9999.000
202605141530,   0.212,   1.020,9999.000,9999.000,9999.000,9999.000,9999.000,9999.000,9999.000
202605141536,   0.204,   1.010,9999.000,9999.000,9999.000,9999.000,9999.000,9999.000,9999.000
202605141542,   0.196,   0.980,9999.000,9999.000,9999.000,9999.000,9999.000,9999.000,9999.000
202605141548,   0.188,   0.970,9999.000,9999.000,9999.000,9999.000,9999.000,9999.000,9999.000
202605141554,   0.180,   0.961,9999.000,9999.000,9999.000,9999.000,9999.000,9999.000,9999.000
202605141600,   0.172,   0.741,   0.300,   0.269,   0.741,   0.300,   0.741,   0.300,   0.741
202605141606,   0.164,   0.718,9999.000,9999.000,9999.000,9999.000,9999.000,9999.000,9999.000
202605141612,   0.156,   0.898,9999.000,9999.000,9999.000,9999.000,9999.000,9999.000,9999.000
202605141618,   0.149,   0.888,9999.000,9999.000,9999.000,9999.000,9999.000,9999.000,9999.000
202605141624,   0.141,   0.879,9999.000,9999.000,9999.000,9999.000,9999.000,9999.000,9999.000
202605141630,   0.133,   0.859,9999.000,9999.000,9999.000,9999.000,9999.000,9999.000,9999.000
202605141636,   0.126,   0.839,9999.000,9999.000,9999.000,9999.000,9999.000,9999.000,9999.000
202605141642,   0.118,   0.810,9999.000,9999.000,9999.000,9999.000,9999.000,9999.000,9999.000
202605141648,   0.111,   0.800,9999.000,9999.000,9999.000,9999.000,9999.000,9999.000,9999.000
202605141654,   0.104,   0.780,9999.000,9999.000,9999.000,9999.000,9999.000,9999.000,9999.000
202605141700,   0.097,   0.551,   0.300,   0.154,   0.551,   0.300,   0.551,   0.300,   0.551
202605141706,   0.090,   0.531,9999.000,9999.000,9999.000,9999.000,9999.000,9999.000,9999.000
202605141712,   0.083,   0.708,9999.000,9999.000,9999.000,9999.000,9999.000,9999.000,9999.000
202605141718,   0.077,   0.688,9999.000,9999.000,9999.000,9999.000,9999.000,9999.000,9999.000
202605141724,   0.071,   0.669,9999.000,9999.000,9999.000,9999.000,9999.000,9999.000,9999.000
202605141730,   0.064,   0.659,9999.000,9999.000,9999.000,9999.000,9999.000,9999.000,9999.000
202605141736,   0.058,   0.639,9999.000,9999.000,9999.000,9999.000,9999.000,9999.000,9999.000
202605141742,   0.053,   0.619,9999.000,9999.000,9999.000,9999.000,9999.000,9999.000,9999.000
202605141748,   0.047,   0.610,9999.000,9999.000,9999.000,9999.000,9999.000,9999.000,9999.000
202605141754,   0.042,   0.409,9999.000,9999.000,9999.000,9999.000,9999.000,9999.000,9999.000
202605141800,   0.036,   0.400,   0.300,   0.064,   0.400,   0.300,   0.400,   0.400,   0.500
202605141806,   0.031,   0.390,9999.000,9999.000,9999.000,9999.000,9999.000,9999.000,9999.000
202605141812,   0.027,   0.570,9999.000,9999.000,9999.000,9999.000,9999.000,9999.000,9999.000
202605141818,   0.022,   0.560,9999.000,9999.000,9999.000,9999.000,9999.000,9999.000,9999.000
202605141824,   0.018,   0.551,9999.000,9999.000,9999.000,9999.000,9999.000,9999.000,9999.000
202605141830,   0.014,   0.551,9999.000,9999.000,9999.000,9999.000,9999.000,9999.000,9999.000
202605141836,   0.011,   0.551,9999.000,9999.000,9999.000,9999.000,9999.000,9999.000,9999.000
202605141842,   0.008,   0.541,9999.000,9999.000,9999.000,9999.000,9999.000,9999.000,9999.000
202605141848,   0.005,   0.541,9999.000,9999.000,9999.000,9999.000,9999.000,9999.000,9999.000
